100
81048
512
47229
59035
14510
91664
2
63708
97776
54108
84492
62541
90105
73339
91615
99915
89693
94455
92799
93856
1
86275
25958
52916
75092
40493
10272
42832
25458
19894
95839
38494
88686
47407
96379
50569
97205
8670
49981
51860
27830
10851
90976
1
2715
16384
79651
72262
98507
99002
3713
75908
36292
13793
256
96339
54169
76815
63808
28304
96646
18581
96136
29279
48166
60419
55319
84703
60807
6166
99270
10
71623
98969
56920
60287
52970
2048
91227
62101
30717
5254
46205
98957
89041
128
91906
43026
58036
93782
94174
3
21906
99153
19704
7356
96752
97863
93803
62755
