100
73556
52902
96234
10267
81551
83144
98798
40628
35557
56294
90252
91373
40450
94144
32546
94769
97094
27143
89652
32841
99299
98943
128
95496
17252
3
37247
95330
4096
96312
47955
95523
58641
90190
8359
87863
73329
97844
78693
59490
83160
1
89075
19288
2
93536
81252
18495
54577
4
6608
92553
65638
18925
76841
87342
73608
36716
23859
85721
99208
11780
78824
49331
43449
64401
394
93373
92811
94066
33598
35271
93483
12656
96411
63071
95035
21574
63730
86902
61123
91573
8192
71115
54337
33803
94258
21809
21646
53715
50106
80771
10
62339
7483
8
73426
16
59776
10001
